app manipulation landmark (start) = 0.4024949826673965
app manipulation landmark (end) = 1.072288783021095
ed manipulation landmark (start) = 0.6268899354613641
ed manipulation landmark (end) = 1.3508629190699162
	T-step 	1	2	3	4	5	6	7	8	9	10	11	12	13	14	15	16	17	18	19	20	21	22	23	24	25	26	27	28	29	30	
Step	Formant	0	0.023	0.046	0.069	0.092	0.115	0.139	0.162	0.185	0.208	0.231	0.254	0.277	0.300	0.323	0.346	0.370	0.393	0.416	0.439	0.462	0.485	0.508	0.531	0.554	0.577	0.601	0.624	0.647	0.670	
1	1	859	763	927	1088	960	978	991	1028	1018	1032	1032	1047	1053	1088	1093	1063	1057	1063	1068	1069	1101	1098	1082	1082	1085	1046	1006	1006	1089	1345	
1	2	1853	1823	1890	1988	1859	1805	1754	1741	1757	1719	1716	1690	1664	1651	1648	1650	1667	1672	1681	1673	1707	1670	1643	1666	1618	1586	1555	1524	1384	2826	
1	3	2999	2777	2869	2914	2796	2761	2776	2783	2808	2785	2776	2742	2749	2749	2750	2747	2752	2768	2739	2690	2676	2666	2698	2678	2713	2709	2658	2676	2674	5006	
1	4	4986	4834	4981	5026	5128	5231	4822	4743	4705	4692	4656	4626	4694	4738	4732	4774	4744	4773	4722	4706	4720	4617	4697	4745	4693	4803	4802	4856	4908	4918	
2	1	1013	697	886	1010	909	925	936	968	964	978	979	991	993	1020	1028	1008	1004	1003	1003	1005	1033	1031	1015	1014	1016	979	938	923	970	1144	
2	2	2028	1872	1950	2008	1900	1843	1788	1777	1789	1753	1747	1721	1697	1683	1683	1690	1707	1707	1710	1706	1741	1708	1682	1701	1663	1638	1616	1584	1465	2647	
2	3	3026	2829	2899	2935	2840	2803	2805	2814	2834	2812	2796	2772	2776	2775	2777	2771	2776	2786	2759	2716	2710	2706	2728	2711	2743	2746	2707	2724	2722	4563	
2	4	4986	4834	4981	5026	5128	5231	4822	4743	4705	4692	4656	4626	4694	4738	4732	4774	4744	4773	4722	4706	4720	4617	4697	4745	4693	4803	4802	4856	4908	4918	
3	1	1184	635	847	937	860	874	883	911	912	926	928	936	935	955	965	954	953	946	941	943	967	966	951	950	950	915	873	845	860	966	
3	2	2218	1923	2011	2028	1942	1882	1823	1813	1821	1787	1778	1754	1731	1716	1718	1732	1747	1742	1740	1741	1775	1746	1721	1738	1709	1692	1679	1647	1550	2481	
3	3	3054	2882	2930	2956	2884	2845	2834	2845	2860	2839	2816	2803	2804	2802	2804	2797	2800	2804	2780	2743	2745	2747	2759	2745	2773	2784	2758	2774	2770	4173	
3	4	4986	4834	4981	5026	5128	5231	4822	4743	4705	4692	4656	4626	4694	4738	4732	4774	4744	4773	4722	4706	4720	4617	4697	4745	4693	4803	4802	4856	4908	4918	
4	1	1376	575	809	867	812	824	833	856	861	876	878	884	879	893	905	903	903	891	882	883	905	904	890	888	887	854	811	772	758	808	
4	2	2429	1974	2075	2049	1985	1921	1858	1850	1853	1823	1810	1787	1766	1749	1754	1774	1789	1778	1770	1776	1810	1786	1761	1775	1756	1747	1744	1713	1639	2326	
4	3	3081	2937	2961	2977	2928	2888	2863	2877	2886	2867	2837	2833	2833	2829	2831	2822	2825	2822	2802	2771	2781	2789	2789	2779	2804	2823	2809	2824	2820	3827	
4	4	4986	4834	4981	5026	5128	5231	4822	4743	4705	4692	4656	4626	4694	4738	4732	4774	4744	4773	4722	4706	4720	4617	4697	4745	4693	4803	4802	4856	4908	4918	
5	1	1593	518	771	800	766	777	783	803	813	828	830	834	825	833	847	853	855	839	825	826	845	844	831	828	827	795	752	701	664	665	
5	2	2661	2027	2141	2069	2028	1962	1894	1888	1886	1858	1842	1820	1801	1783	1791	1818	1831	1815	1801	1812	1846	1826	1801	1813	1805	1804	1812	1780	1733	2182	
5	3	3109	2993	2992	2998	2974	2932	2893	2909	2912	2895	2858	2864	2862	2856	2859	2848	2850	2840	2823	2798	2816	2832	2821	2813	2835	2862	2862	2876	2871	3518	
5	4	4986	4834	4981	5026	5128	5231	4822	4743	4705	4692	4656	4626	4694	4738	4732	4774	4744	4773	4722	4706	4720	4617	4697	4745	4693	4803	4802	4856	4908	4918	
6	1	1840	463	735	737	722	731	736	752	765	781	783	785	774	776	792	805	808	788	771	771	788	787	775	771	769	738	695	635	575	537	
6	2	2919	2082	2209	2090	2073	2004	1931	1927	1920	1895	1875	1854	1837	1817	1828	1862	1874	1852	1832	1848	1883	1867	1843	1852	1855	1863	1882	1851	1833	2047	
6	3	3137	3050	3024	3019	3020	2976	2923	2941	2939	2924	2879	2896	2891	2883	2887	2874	2875	2858	2844	2826	2853	2875	2852	2848	2867	2902	2916	2929	2922	3240	
6	4	4986	4834	4981	5026	5128	5231	4822	4743	4705	4692	4656	4626	4694	4738	4732	4774	4744	4773	4722	4706	4720	4617	4697	4745	4693	4803	4802	4856	4908	4918	
7	1	2124	411	700	676	679	686	690	703	720	736	738	738	724	721	739	758	763	739	718	718	732	732	721	717	713	684	640	571	493	421	
7	2	3208	2138	2279	2111	2118	2046	1969	1966	1954	1932	1908	1889	1873	1852	1866	1907	1919	1890	1864	1885	1920	1909	1885	1891	1906	1924	1955	1923	1937	1921	
7	3	3166	3109	3056	3041	3068	3022	2954	2974	2966	2952	2900	2928	2920	2911	2915	2900	2901	2877	2866	2855	2890	2919	2884	2883	2899	2942	2971	2982	2975	2989	
7	4	4986	4834	4981	5026	5128	5231	4822	4743	4705	4692	4656	4626	4694	4738	4732	4774	4744	4773	4722	4706	4720	4617	4697	4745	4693	4803	4802	4856	4908	4918	


Continuum script setup information
7	steps in the continuum
4	formants analyzed
5500	maximum frequency for formant analysis
75	minimum pitch for analysis
250	maximum pitch for analysis

Which formants were modified: (1 is yes, 0 is no)
   F1: 1
   F2: 1
   F3: 1
   F4: 0

   Bandwidth override: 1
     F1BW = 75
     F2BW = 85
     F3BW = 90
     F4BW = 100


4000	crossover frequency to restore original signal
500	width of crossover filter
73	final intensity for new sounds

parent directory:	/Users/charleswu/Google Drive/HoltLab/CueWeighting/CCAT/Recording/Vowels
sub-directory:		Continuum_from_script
filename prefix:	Step_

k was used as the precursor file
ttle was used as the postcursor file

Start of manipulation (master sound): 0.4024949826673965
End of manipulation (master sound): 1.072288783021095
Start of manipulation (reference sound): 0.6268899354613641
End of manipulation (reference sound): 1.3508629190699162

Original sampling fequency: 44100

LPC order: 10
LPC resample rate: 11000
LPC decimation factor: 4.009090909090909
